
7
13
tghj	we	3	1949	10	1	16	13	13	
bnmm	uj	4	1980	12	12	12	12	12	
ikl	hei	4	2011	12	31	13	13	13	
dfg	蓝	4	2018	5	15	23	45	36	
sdf	黑	2	2019	12	15	23	45	36	
wer	红	3	2020	1	15	23	45	36	
poi	红	2	2020	1	15	23	45	36	
cvb	红	1	2021	1	15	23	45	36	2021	1	16	23	23	23	25	
qwe	紫	4	2020	12	12	12	12	12	2020	12	13	13	13	13	26	
ujm	bai	3	2099	12	12	12	12	12	2099	12	13	12	13	16	24	
xcv	白	2	2020	11	15	23	45	36	2020	11	19	12	12	12	86	
ert	青	3	2020	10	15	23	45	36	2021	10	16	23	23	23	8785	
zxc	绿	3	2020	10	10	10	10	10	2020	10	10	10	30	10	0	
